player,team,opponent,opposing_pitcher,confirmed_lineup,lineup_status,lineup_source,late_hitter_lock_status,late_hitter_lock_note,today_lineup_slot,projected_pa,model_hit_probability,secondary_hit_probability,third_hit_probability,pa_path_hit_probability,odds,current_snapshot_odds,current_dk_hit_odds,pregame_to_0for1_fair_odds_move,first_pa_no_hit_games,recovery_hit_rate_after_0for1,bayes_recovery_hit_rate,fair_live_odds_after_0for1,first_pa_hit_rate,full_game_hit_rate,avg_remaining_pa_after_0for1,leadoff_samples,leadoff_recovery_hit_rate,sample_flag,buyback_watch_score,late_hitter_pool_rank,sharpie_late_hitter_reserved,sharpie_late_hitter_slot
Ben Rice,NYY,BOS,Ranger Suarez,False,Lineup Wait,,HOLD,HOLD: wait for confirmed lineup before using this as a Sharpie late-hitter target.,1.96,4.5,0.6957,0.6911,0.6812,0.7229,-194,-194.0,-194.0,1.0,25,0.76,0.6587308888193844,-193,0.16666666666666666,0.8,3.44,7,0.7142857142857143,strong,89.95681770161795,1,True,1
Junior Caminero,TB,SD,Robbie Ray,True,confirmed,MLB Starting Lineups Page,LOCKED,LOCKED: Junior Caminero is confirmed in today's lineup at slot #3.,3.0,4.3,0.6712,0.6525,0.653,0.6638,-248,-248.0,-248.0,79.0,22,0.7272727272727273,0.6286189084210948,-169,0.21428571428571427,0.7857142857142857,3.6818181818181817,0,,strong,82.57343369925235,2,True,2
Randy Arozarena,SEA,TOR,Max Scherzer,True,confirmed,MLB Starting Lineups Page,LOCKED,LOCKED: Randy Arozarena is confirmed in today's lineup at slot #1.,1.0,4.62,0.6756,0.669,0.6763,0.7122,-200,-200.0,-200.0,61.0,23,0.6521739130434783,0.5820869396090634,-139,0.14814814814814814,0.7037037037037037,3.3043478260869565,0,,strong,81.92663018799328,3,True,3
Jonathan Aranda,TB,SD,Robbie Ray,True,confirmed,MLB Starting Lineups Page,LOCKED,LOCKED: Jonathan Aranda is confirmed in today's lineup at slot #2.,2.0,4.42,0.6613,0.6516,0.656,0.6868,-171,-171.0,-171.0,13.0,18,0.7222222222222222,0.6124347628772407,-158,0.3333333333333333,0.8148148148148148,3.5,0,,strong,80.72722443587222,4,True,4
Shohei Ohtani,LAD,DET,Framber Valdez,True,confirmed,MLB Starting Lineups Page,LOCKED,LOCKED: Shohei Ohtani is confirmed in today's lineup at slot #1.,1.0,4.62,0.6562,0.6789,0.6762,0.7144,-229,-229.0,-229.0,75.0,15,0.7333333333333333,0.6064089957895268,-154,0.375,0.8333333333333334,3.8666666666666667,15,0.7333333333333333,strong,80.698632912286,5,True,5
Cody Bellinger,NYY,BOS,Ranger Suarez,True,confirmed,MLB Starting Lineups Page,LOCKED,LOCKED: Cody Bellinger is confirmed in today's lineup at slot #2.,2.0,4.42,0.6604,0.6704,0.6711,0.7017,-231,-231.0,-231.0,92.0,23,0.6521739130434783,0.5820869396090634,-139,0.11538461538461539,0.6923076923076923,3.347826086956522,0,,strong,80.48554072930382,6,False,
Ceddanne Rafaela,BOS,NYY,Will Warren,True,confirmed,MLB Starting Lineups Page,LOCKED,LOCKED: Ceddanne Rafaela is confirmed in today's lineup at slot #2.,2.0,4.5,0.5934,0.6326,0.6492,0.6877,-252,-252.0,-252.0,89.0,16,0.75,0.6204658173684722,-163,0.2,0.8,3.4375,0,,strong,80.15404388986009,7,False,
Luke Keaschall,MIN,CWS,Jordan Hicks,True,confirmed,MLB Starting Lineups Page,LOCKED,LOCKED: Luke Keaschall is confirmed in today's lineup at slot #1.,1.0,4.54,0.6019,0.6232,0.644,0.6753,-266,-266.0,-266.0,106.0,13,0.7692307692307693,0.6149217154526889,-160,0.23529411764705882,0.8235294117647058,2.769230769230769,0,,strong,79.50026566291594,8,False,
Munetaka Murakami,CWS,MIN,Zebby Matthews,True,confirmed,MLB Starting Lineups Page,LOCKED,LOCKED: Munetaka Murakami is confirmed in today's lineup at slot #2.,2.0,4.5,0.653,0.6566,0.6507,0.6935,-175,-175.0,-175.0,37.0,18,0.6666666666666666,0.5791014295439074,-138,0.05263157894736842,0.6842105263157895,3.3333333333333335,0,,strong,79.42227879161413,9,False,
Iván Herrera,STL,PIT,Braxton Ashcraft,True,confirmed,MLB Starting Lineups Page,LOCKED,LOCKED: Iván Herrera is confirmed in today's lineup at slot #2.,2.0,4.42,0.597,0.6405,0.6523,0.6819,-235,-235.0,-235.0,89.0,19,0.6842105263157895,0.5926788027844265,-146,0.13636363636363635,0.7272727272727273,3.3684210526315788,0,,strong,78.91399697691006,10,False,
Nathan Lukes,TOR,SEA,Logan Gilbert,True,confirmed,MLB Starting Lineups Page,LOCKED,LOCKED: Nathan Lukes is confirmed in today's lineup at slot #5.,5.0,4.07,0.604,0.6131,0.6244,0.6399,-201,-201.0,-201.0,-1.0,8,1.0,0.6686521443158611,-202,0.4666666666666667,1.0,3.25,1,1.0,usable,78.86321443158612,11,False,
Pete Crow-Armstrong,CHC,CIN,Chase Burns,False,Lineup Wait,,HOLD,HOLD: wait for confirmed lineup before using this as a Sharpie late-hitter target.,1.15,4.6,0.5848,0.6336,0.6504,0.6878,-263,-263.0,-263.0,128.0,20,0.65,0.5741575901974132,-135,0.13043478260869565,0.6956521739130435,3.5,13,0.6923076923076923,strong,78.7478472597107,12,False,
Jeremy Peña,HOU,NYM,Zac Thornton,True,confirmed,MLB Starting Lineups Page,LOCKED,LOCKED: Jeremy Peña is confirmed in today's lineup at slot #1.,1.0,4.62,0.6416,0.6759,0.6884,0.7248,-246,-246.0,-246.0,97.0,12,0.75,0.5988767869298842,-149,0.29411764705882354,0.8235294117647058,3.1666666666666665,10,0.8,strong,78.32217281063548,13,False,
Miguel Vargas,CWS,MIN,Zebby Matthews,True,confirmed,MLB Starting Lineups Page,LOCKED,LOCKED: Miguel Vargas is confirmed in today's lineup at slot #3.,3.0,4.38,0.6782,0.6664,0.6604,0.6825,-209,-209.0,-209.0,82.0,28,0.6071428571428571,0.5593260721579305,-127,0.0967741935483871,0.6451612903225806,3.2142857142857144,2,1.0,strong,78.22379840106399,14,False,
Bryan Reynolds,PIT,STL,Matthew Liberatore,True,confirmed,MLB Starting Lineups Page,LOCKED,LOCKED: Bryan Reynolds is confirmed in today's lineup at slot #3.,3.0,4.38,0.6266,0.6493,0.6526,0.6725,-218,-218.0,-218.0,72.0,19,0.6842105263157895,0.5926788027844265,-146,0.32142857142857145,0.7857142857142857,3.473684210526316,0,,strong,77.49422313558553,15,False,
Bobby Witt Jr.,KC,CLE,Parker Messick,True,confirmed,MLB Starting Lineups Page,LOCKED,LOCKED: Bobby Witt Jr. is confirmed in today's lineup at slot #2.,2.0,4.5,0.7025,0.6884,0.6841,0.7246,-223,-223.0,-223.0,78.0,14,0.7142857142857143,0.59127088024297,-145,0.2222222222222222,0.7777777777777778,3.2857142857142856,0,,strong,77.33486580207479,16,False,
Kyle Stowers,MIA,WSH,Andrew Alvarez,False,Lineup Wait,,HOLD,HOLD: wait for confirmed lineup before using this as a Sharpie late-hitter target.,3.02,4.38,0.6311,0.6412,0.6513,0.6707,-241,-241.0,-241.0,117.0,23,0.6086956521739131,0.553515511037635,-124,0.041666666666666664,0.625,3.260869565217391,0,,strong,77.06207992344302,17,False,
Juan Soto,NYM,HOU,Ethan Pecko,True,confirmed,MLB Starting Lineups Page,LOCKED,LOCKED: Juan Soto is confirmed in today's lineup at slot #2.,2.0,4.42,0.6564,0.6606,0.6587,0.6913,-208,-208.0,-208.0,59.0,12,0.75,0.5988767869298842,-149,0.3684210526315789,0.8421052631578947,3.3333333333333335,0,,strong,76.88553132456737,18,False,
Alex Bregman,CHC,CIN,Chase Burns,False,Lineup Wait,,HOLD,HOLD: wait for confirmed lineup before using this as a Sharpie late-hitter target.,3.29,4.35,0.5921,0.6273,0.6414,0.6597,-223,-223.0,-223.0,69.0,15,0.7333333333333333,0.6064089957895268,-154,0.34782608695652173,0.8260869565217391,3.4,0,,strong,76.67496914417008,19,False,
Teoscar Hernández,LAD,DET,Framber Valdez,True,confirmed,MLB Starting Lineups Page,LOCKED,LOCKED: Teoscar Hernández is confirmed in today's lineup at slot #5.,5.0,4.15,0.5784,0.6172,0.6266,0.6496,-196,-196.0,-196.0,42.0,15,0.7333333333333333,0.6064089957895268,-154,0.0625,0.75,2.466666666666667,0,,strong,76.21836173196554,20,False,
Trea Turner,PHI,LAA,Yusei Kikuchi,True,confirmed,MLB Starting Lineups Page,LOCKED,LOCKED: Trea Turner is confirmed in today's lineup at slot #2.,2.0,4.5,0.6142,0.6366,0.6523,0.6907,-329,-329.0,-329.0,212.0,24,0.5833333333333334,0.5381400801754784,-117,0.1111111111111111,0.6296296296296297,3.4583333333333335,15,0.6,strong,75.84514424463478,21,False,
Josh Naylor,SEA,TOR,Max Scherzer,True,confirmed,MLB Starting Lineups Page,LOCKED,LOCKED: Josh Naylor is confirmed in today's lineup at slot #5.,5.0,4.15,0.6587,0.6417,0.6445,0.6679,-235,-235.0,-235.0,96.0,23,0.6521739130434783,0.5820869396090634,-139,0.17857142857142858,0.7142857142857143,3.3043478260869565,0,,strong,75.67118468534777,22,False,
Alec Bohm,PHI,LAA,Yusei Kikuchi,True,confirmed,MLB Starting Lineups Page,LOCKED,LOCKED: Alec Bohm is confirmed in today's lineup at slot #4.,4.0,4.28,0.577,0.6095,0.6281,0.6461,-303,-303.0,-303.0,161.0,21,0.6666666666666666,0.5870619056459764,-142,0.2222222222222222,0.7407407407407407,3.0476190476190474,0,,strong,75.48759797200503,23,False,
Carter Jensen,KC,CLE,Parker Messick,True,confirmed,MLB Starting Lineups Page,LOCKED,LOCKED: Carter Jensen is confirmed in today's lineup at slot #1.,1.0,4.62,0.5861,0.6291,0.6457,0.6822,-150,-150.0,-150.0,30.0,18,0.6111111111111112,0.5457680962105741,-120,0.1,0.65,2.9444444444444446,6,0.8333333333333334,strong,75.39667177407026,24,False,
Yandy Díaz,TB,SD,Robbie Ray,True,confirmed,MLB Starting Lineups Page,LOCKED,LOCKED: Yandy Díaz is confirmed in today's lineup at slot #1.,1.0,4.54,0.6906,0.6722,0.6783,0.7106,-253,-253.0,-253.0,133.0,18,0.6111111111111112,0.5457680962105741,-120,0.3333333333333333,0.7407407407407407,3.3333333333333335,13,0.6153846153846154,strong,75.07141702846482,25,False,
Alec Burleson,STL,PIT,Braxton Ashcraft,True,confirmed,MLB Starting Lineups Page,LOCKED,LOCKED: Alec Burleson is confirmed in today's lineup at slot #3.,3.0,4.3,0.6191,0.6478,0.6482,0.6596,-241,-241.0,-241.0,103.0,18,0.6666666666666666,0.5791014295439074,-138,0.18181818181818182,0.7272727272727273,2.9444444444444446,0,,strong,75.06236874376724,26,False,
Brandon Lowe,PIT,STL,Matthew Liberatore,True,confirmed,MLB Starting Lineups Page,LOCKED,LOCKED: Brandon Lowe is confirmed in today's lineup at slot #5.,5.0,4.15,0.6452,0.6503,0.6447,0.6697,-169,-169.0,-169.0,27.0,21,0.6666666666666666,0.5870619056459764,-142,0.25,0.75,3.2857142857142856,0,,strong,74.94859056459764,27,False,
Zack Gelof,ATH,BAL,Chris Bassitt,True,confirmed,MLB Starting Lineups Page,LOCKED,LOCKED: Zack Gelof is confirmed in today's lineup at slot #3.,3.0,4.3,0.6284,0.6414,0.644,0.6548,-229,-229.0,-229.0,99.0,17,0.6470588235294118,0.5645876857350767,-130,0.10526315789473684,0.6842105263157895,3.3529411764705883,0,,strong,74.3730728317837,28,False,
Willson Contreras,BOS,NYY,Will Warren,True,confirmed,MLB Starting Lineups Page,LOCKED,LOCKED: Willson Contreras is confirmed in today's lineup at slot #4.,4.0,4.28,0.6356,0.6455,0.6436,0.6652,-205,-205.0,-205.0,64.0,16,0.6875,0.5847515316541865,-141,0.2,0.75,3.1875,0,,strong,73.88901531843152,29,False,
Luis Arraez,PHI,LAA,Yusei Kikuchi,False,Lineup Wait,,HOLD,HOLD: wait for confirmed lineup before using this as a Sharpie late-hitter target.,4.0,4.28,0.6495,0.6474,0.6581,0.6764,-349,-349.0,-349.0,219.0,17,0.6470588235294118,0.5645876857350767,-130,0.10526315789473684,0.6842105263157895,3.3529411764705883,0,,strong,73.72627283178369,30,False,
Dylan Crews,WSH,MIA,Janson Junk,True,confirmed,MLB Starting Lineups Page,LOCKED,LOCKED: Dylan Crews is confirmed in today's lineup at slot #5.,5.0,4.07,0.5729,0.6104,0.6191,0.6352,-233,-233.0,-233.0,73.0,13,0.7692307692307693,0.6149217154526889,-160,0.23529411764705882,0.8235294117647058,3.1538461538461537,0,,strong,73.60226566291594,31,False,
José Ramírez,CLE,KC,Seth Lugo,True,confirmed,MLB Starting Lineups Page,LOCKED,LOCKED: José Ramírez is confirmed in today's lineup at slot #3.,3.0,4.3,0.6607,0.6628,0.6603,0.6708,-260,-260.0,-260.0,130.0,17,0.6470588235294118,0.5645876857350767,-130,0.2608695652173913,0.7391304347826086,3.4705882352941178,0,,strong,73.32847292133377,32,False,
Chase Meidroth,CWS,MIN,Zebby Matthews,False,Lineup Wait,,HOLD,HOLD: wait for confirmed lineup before using this as a Sharpie late-hitter target.,3.19,4.36,0.6023,0.6236,0.64,0.658,-194,-194.0,-194.0,77.0,24,0.5833333333333334,0.5381400801754784,-117,0.22580645161290322,0.6774193548387096,3.1666666666666665,3,1.0,strong,72.66380156593495,33,False,
Elly De La Cruz,CIN,CHC,Shota Imanaga,True,confirmed,MLB Starting Lineups Page,LOCKED,LOCKED: Elly De La Cruz is confirmed in today's lineup at slot #2.,2.0,4.5,0.6434,0.6684,0.6692,0.7099,-220,-220.0,-220.0,106.0,15,0.6,0.5323349217154527,-114,0.0625,0.625,3.533333333333333,1,1.0,strong,72.49095432455815,34,False,
Anthony Seigler,BOS,NYY,Will Warren,False,Lineup Wait,,HOLD,HOLD: wait for confirmed lineup before using this as a Sharpie late-hitter target.,1.0,4.62,0.6205,0.651,0.6624,0.6993,-133,-133.0,-133.0,22.0,2,1.0,0.5266459204512302,-111,0.0,1.0,4.0,2,1.0,thin,72.19725419813588,35,False,
Yordan Alvarez,HOU,NYM,Zac Thornton,True,confirmed,MLB Starting Lineups Page,LOCKED,LOCKED: Yordan Alvarez is confirmed in today's lineup at slot #2.,2.0,4.5,0.7449,0.7308,0.7068,0.7495,-291,-291.0,-291.0,186.0,18,0.5555555555555556,0.5124347628772408,-105,0.1,0.6,3.111111111111111,0,,strong,72.06893844073694,36,False,
Nick Gonzales,PIT,STL,Matthew Liberatore,False,Lineup Wait,,HOLD,HOLD: wait for confirmed lineup before using this as a Sharpie late-hitter target.,3.47,4.33,0.6705,0.6713,0.6738,0.6917,-256,-256.0,-256.0,137.0,20,0.6,0.5429075901974132,-119,0.23076923076923078,0.6923076923076923,2.95,4,0.5,strong,71.93383594281823,37,False,
Jared Triolo,PIT,STL,Matthew Liberatore,True,confirmed,MLB Starting Lineups Page,LOCKED,LOCKED: Jared Triolo is confirmed in today's lineup at slot #1.,1.0,4.62,0.6386,0.6613,0.6665,0.703,-211,-211.0,-211.0,97.0,15,0.6,0.5323349217154527,-114,0.2857142857142857,0.7142857142857143,2.6,0,,strong,71.88954931440242,38,False,
Zach Neto,LAA,PHI,Zack Wheeler,False,Lineup Wait,,HOLD,HOLD: wait for confirmed lineup before using this as a Sharpie late-hitter target.,1.38,4.57,0.5773,0.6343,0.6468,0.6855,-173,-173.0,-173.0,61.0,19,0.5789473684210527,0.5281626737521684,-112,0.2692307692307692,0.6923076923076923,3.3684210526315788,17,0.5294117647058824,strong,71.76294429829375,39,False,
Ronald Acuña Jr.,ATL,COL,Mason Adams,True,confirmed,MLB Starting Lineups Page,LOCKED,LOCKED: Ronald Acuña Jr. is confirmed in today's lineup at slot #2.,2.0,4.42,0.6461,0.6603,0.6608,0.6922,-250,-250.0,-250.0,124.0,12,0.6666666666666666,0.5572101202632176,-126,0.2,0.7333333333333333,3.5833333333333335,11,0.6363636363636364,strong,71.59420751266795,40,False,
Ezequiel Tovar,COL,ATL,Tyler Mahle,False,Lineup Wait,,HOLD,HOLD: wait for confirmed lineup before using this as a Sharpie late-hitter target.,4.25,4.25,0.591,0.6158,0.6287,0.6489,-121,-121.0,-121.0,-11.0,15,0.6666666666666666,0.5693719587524897,-132,0.16666666666666666,0.7222222222222222,2.8666666666666667,0,,strong,71.40474691715073,41,False,
Kyle Schwarber,PHI,LAA,Yusei Kikuchi,True,confirmed,MLB Starting Lineups Page,LOCKED,LOCKED: Kyle Schwarber is confirmed in today's lineup at slot #1.,1.0,4.62,0.6787,0.6774,0.6681,0.7084,-200,-200.0,-200.0,95.0,18,0.5555555555555556,0.5124347628772408,-105,0.21739130434782608,0.6521739130434783,3.5,8,0.75,strong,71.10961541815885,42,False,
Kevin McGonigle,DET,LAD,Tyler Glasnow,True,confirmed,MLB Starting Lineups Page,LOCKED,LOCKED: Kevin McGonigle is confirmed in today's lineup at slot #3.,3.0,4.3,0.6097,0.6456,0.6501,0.66,-135,-135.0,-135.0,15.0,18,0.6111111111111112,0.5457680962105741,-120,0.28,0.72,3.3333333333333335,12,0.6666666666666666,strong,71.09320962105741,43,False,
Drake Baldwin,ATL,COL,Mason Adams,True,confirmed,MLB Starting Lineups Page,LOCKED,LOCKED: Drake Baldwin is confirmed in today's lineup at slot #1.,1.0,4.54,0.688,0.692,0.6842,0.719,-289,-289.0,-289.0,169.0,7,0.7142857142857143,0.5459496255956433,-120,0.3,0.8,3.2857142857142856,5,0.8,usable,70.70096255956433,44,False,
Julio Rodríguez,SEA,TOR,Max Scherzer,True,confirmed,MLB Starting Lineups Page,LOCKED,LOCKED: Julio Rodríguez is confirmed in today's lineup at slot #3.,3.0,4.38,0.6732,0.6594,0.6591,0.6802,-241,-241.0,-241.0,129.0,19,0.5789473684210527,0.5281626737521684,-112,0.2692307692307692,0.6923076923076923,3.263157894736842,0,,strong,70.66774429829377,45,False,
Pete Alonso,BAL,ATH,Jeffrey Springs,True,confirmed,MLB Starting Lineups Page,LOCKED,LOCKED: Pete Alonso is confirmed in today's lineup at slot #2.,2.0,4.5,0.6037,0.6456,0.6517,0.6923,-302,-302.0,-302.0,189.0,17,0.5882352941176471,0.530104927114387,-113,0.19047619047619047,0.6666666666666666,3.2941176470588234,0,,strong,70.54869772159442,46,False,
Ty France,SD,TB,Drew Rasmussen,True,confirmed,MLB Starting Lineups Page,LOCKED,LOCKED: Ty France is confirmed in today's lineup at slot #4.,4.0,4.28,0.6087,0.6427,0.6467,0.6677,-175,-175.0,-175.0,51.0,14,0.6428571428571429,0.5528093417814316,-124,0.125,0.6875,2.5,0,,strong,70.34699633115603,47,False,
William Contreras,MIL,TEX,Kumar Rocker,False,Lineup Wait,,HOLD,HOLD: wait for confirmed lineup before using this as a Sharpie late-hitter target.,3.7,4.31,0.6679,0.6606,0.6624,0.6816,-224,-224.0,-224.0,98.0,12,0.6666666666666666,0.5572101202632176,-126,0.3333333333333333,0.7777777777777778,3.25,0,,strong,70.30358980409953,48,False,
Cooper Pratt,MIL,TEX,Kumar Rocker,False,Lineup Wait,,HOLD,HOLD: wait for confirmed lineup before using this as a Sharpie late-hitter target.,5.0,4.15,0.6138,0.6244,0.6304,0.6539,-154,-154.0,-154.0,28.0,3,1.0,0.5582028590878149,-126,0.0,1.0,3.0,0,,thin,70.17254806179436,49,False,
Chandler Simpson,TB,SD,Robbie Ray,True,confirmed,MLB Starting Lineups Page,LOCKED,LOCKED: Chandler Simpson is confirmed in today's lineup at slot #5.,5.0,4.07,0.5824,0.5943,0.6171,0.6302,-225,-225.0,-225.0,98.0,19,0.631578947368421,0.5604207382682975,-127,0.2692307692307692,0.7307692307692307,3.1052631578947367,6,0.6666666666666666,strong,70.03856613452204,50,False,
Brooks Lee,MIN,CWS,Jordan Hicks,True,confirmed,MLB Starting Lineups Page,LOCKED,LOCKED: Brooks Lee is confirmed in today's lineup at slot #2.,2.0,4.42,0.5944,0.6158,0.6356,0.6648,-267,-267.0,-267.0,154.0,17,0.5882352941176471,0.530104927114387,-113,0.19047619047619047,0.6666666666666666,2.9411764705882355,1,0.0,strong,70.0370977215944,51,False,
Nico Hoerner,CHC,CIN,Chase Burns,False,Lineup Wait,,HOLD,HOLD: wait for confirmed lineup before using this as a Sharpie late-hitter target.,2.65,4.42,0.6337,0.6533,0.666,0.6851,-252,-252.0,-252.0,139.0,17,0.5882352941176471,0.530104927114387,-113,0.2608695652173913,0.6956521739130435,3.411764705882353,6,0.5,strong,70.00141445056913,52,False,
Jordan Walker,STL,PIT,Braxton Ashcraft,True,confirmed,MLB Starting Lineups Page,LOCKED,LOCKED: Jordan Walker is confirmed in today's lineup at slot #4.,4.0,4.2,0.6059,0.6358,0.6365,0.6502,-215,-215.0,-215.0,93.0,16,0.625,0.5490372459399008,-122,0.23809523809523808,0.7142857142857143,3.3125,0,,strong,69.11738173684722,53,False,
Jackson Chourio,MIL,TEX,Kumar Rocker,True,confirmed,MLB Starting Lineups Page,LOCKED,LOCKED: Jackson Chourio is confirmed in today's lineup at slot #4.,4.0,4.2,0.624,0.6331,0.6342,0.6476,-257,-257.0,-257.0,133.0,14,0.6428571428571429,0.5528093417814316,-124,0.2631578947368421,0.7368421052631579,3.5,7,0.5714285714285714,strong,69.03735523077474,54,False,
JJ Wetherholt,STL,PIT,Braxton Ashcraft,False,Lineup Wait,,HOLD,HOLD: wait for confirmed lineup before using this as a Sharpie late-hitter target.,1.0,4.62,0.5962,0.6479,0.6578,0.6952,-223,-223.0,-223.0,325.0,17,0.5294117647058824,0.49562216849369733,102,0.15,0.6,3.588235294117647,17,0.5294117647058824,strong,68.5532790023826,55,False,
Matt Olson,ATL,COL,Mason Adams,True,confirmed,MLB Starting Lineups Page,LOCKED,LOCKED: Matt Olson is confirmed in today's lineup at slot #3.,3.0,4.3,0.6573,0.6646,0.6531,0.667,-234,-234.0,-234.0,342.0,22,0.5,0.481560084891683,108,0.08333333333333333,0.5416666666666666,3.409090909090909,0,,strong,68.2636039755145,56,False,
Michael Busch,CHC,CIN,Chase Burns,False,Lineup Wait,,HOLD,HOLD: wait for confirmed lineup before using this as a Sharpie late-hitter target.,3.36,4.34,0.5611,0.6102,0.6276,0.6455,-200,-200.0,-200.0,87.0,17,0.5882352941176471,0.530104927114387,-113,0.2608695652173913,0.6956521739130435,3.5294117647058822,0,,strong,68.16221445056912,57,False,
Otto Lopez,MIA,WSH,Andrew Alvarez,True,confirmed,MLB Starting Lineups Page,LOCKED,LOCKED: Otto Lopez is confirmed in today's lineup at slot #2.,2.0,4.5,0.6833,0.674,0.6762,0.7161,-304,-304.0,-304.0,406.0,17,0.5294117647058824,0.49562216849369733,102,0.32,0.68,3.176470588235294,2,1.0,strong,67.91181684936974,58,False,
CJ Abrams,WSH,MIA,Janson Junk,True,confirmed,MLB Starting Lineups Page,LOCKED,LOCKED: CJ Abrams is confirmed in today's lineup at slot #1.,1.0,4.54,0.658,0.6764,0.675,0.7089,-293,-293.0,-293.0,401.0,20,0.5,0.4804075901974132,108,0.2,0.6,3.3,0,,strong,67.72342117275419,59,False,
Ryan Jeffers,MIN,CWS,Jordan Hicks,True,confirmed,MLB Starting Lineups Page,LOCKED,LOCKED: Ryan Jeffers is confirmed in today's lineup at slot #4.,4.0,4.2,0.6525,0.6358,0.6366,0.6499,-229,-229.0,-229.0,109.0,7,0.7142857142857143,0.5459496255956433,-120,0.125,0.75,3.0,0,,usable,67.26162471257719,60,False,
Joc Pederson,TEX,MIL,Dustin May,True,confirmed,MLB Starting Lineups Page,LOCKED,LOCKED: Joc Pederson is confirmed in today's lineup at slot #1.,1.0,4.62,0.6439,0.6653,0.67,0.7066,-156,-156.0,-156.0,272.0,19,0.47368421052631576,0.4636465447199104,116,0.13636363636363635,0.5454545454545454,2.3684210526315788,15,0.6,strong,67.10084389773117,61,False,
Xavier Edwards,MIA,WSH,Andrew Alvarez,True,confirmed,MLB Starting Lineups Page,LOCKED,LOCKED: Xavier Edwards is confirmed in today's lineup at slot #5.,5.0,4.15,0.6437,0.6383,0.6427,0.6657,-240,-240.0,-240.0,126.0,15,0.6,0.5323349217154527,-114,0.4,0.76,3.2666666666666666,11,0.6363636363636364,strong,66.85789217154527,62,False,
Henry Bolte,ATH,BAL,Chris Bassitt,True,confirmed,MLB Starting Lineups Page,LOCKED,LOCKED: Henry Bolte is confirmed in today's lineup at slot #1.,1.0,4.54,0.6196,0.6617,0.651,0.6843,-279,-279.0,-279.0,395.0,19,0.47368421052631576,0.4636465447199104,116,0.13636363636363635,0.5454545454545454,2.5789473684210527,2,0.5,strong,66.40924389773117,63,False,
Francisco Alvarez,NYM,HOU,Ethan Pecko,False,Lineup Wait,,HOLD,HOLD: wait for confirmed lineup before using this as a Sharpie late-hitter target.,4.78,4.18,0.6123,0.6258,0.6304,0.6538,-116,-116.0,-116.0,-10.0,3,1.0,0.5582028590878149,-126,0.25,1.0,3.6666666666666665,0,,thin,66.3938859087815,64,False,
Isaac Paredes,HOU,NYM,Zac Thornton,True,confirmed,MLB Starting Lineups Page,LOCKED,LOCKED: Isaac Paredes is confirmed in today's lineup at slot #3.,3.0,4.38,0.5782,0.627,0.6424,0.6609,-207,-207.0,-207.0,102.0,16,0.5625,0.5133229602256151,-105,0.2,0.65,2.9375,0,,strong,66.35735817557439,65,False,
Jake Bauers,MIL,TEX,Kumar Rocker,True,confirmed,MLB Starting Lineups Page,LOCKED,LOCKED: Jake Bauers is confirmed in today's lineup at slot #3.,3.0,4.3,0.6382,0.6437,0.6463,0.657,-207,-207.0,-207.0,101.0,14,0.5714285714285714,0.5143478033198932,-106,0.17647058823529413,0.6470588235294118,2.9285714285714284,0,,strong,66.32101895559042,66,False,
Daylen Lile,WSH,MIA,Janson Junk,True,confirmed,MLB Starting Lineups Page,LOCKED,LOCKED: Daylen Lile is confirmed in today's lineup at slot #4.,4.0,4.2,0.6252,0.6453,0.6469,0.6596,-282,-282.0,-282.0,384.0,21,0.5238095238095238,0.4961528147368855,102,0.16,0.6,3.3333333333333335,0,,strong,66.05434362670141,67,False,
Andrew Benintendi,CWS,MIN,Zebby Matthews,True,confirmed,MLB Starting Lineups Page,LOCKED,LOCKED: Andrew Benintendi is confirmed in today's lineup at slot #4.,4.0,4.28,0.6092,0.624,0.6342,0.6541,-176,-176.0,-176.0,284.0,22,0.5,0.481560084891683,108,0.12,0.56,2.5454545454545454,0,,strong,66.05307064218115,68,False,
Sam Antonacci,CWS,MIN,Zebby Matthews,True,confirmed,MLB Starting Lineups Page,LOCKED,LOCKED: Sam Antonacci is confirmed in today's lineup at slot #1.,1.0,4.62,0.7024,0.6925,0.6958,0.7323,-233,-233.0,-233.0,361.0,23,0.43478260869565216,0.43922979675192064,128,0.23333333333333334,0.5666666666666667,3.0,18,0.5555555555555556,strong,65.80177967519207,69,False,
TJ Rumfield,COL,ATL,Tyler Mahle,True,confirmed,MLB Starting Lineups Page,LOCKED,LOCKED: TJ Rumfield is confirmed in today's lineup at slot #4.,4.0,4.28,0.6487,0.6475,0.6505,0.671,-158,-158.0,-158.0,52.0,14,0.5714285714285714,0.5143478033198932,-106,0.17647058823529413,0.6470588235294118,2.7142857142857144,0,,strong,65.54701895559042,70,False,
Coby Mayo,BAL,ATH,Jeffrey Springs,True,confirmed,MLB Starting Lineups Page,LOCKED,LOCKED: Coby Mayo is confirmed in today's lineup at slot #4.,4.0,4.28,0.5305,0.5972,0.6165,0.6353,-228,-228.0,-228.0,110.0,9,0.6666666666666666,0.5415734707770106,-118,0.3076923076923077,0.7692307692307693,2.111111111111111,0,,usable,65.26565477000875,71,False,
Bryce Harper,PHI,LAA,Yusei Kikuchi,True,confirmed,MLB Starting Lineups Page,LOCKED,LOCKED: Bryce Harper is confirmed in today's lineup at slot #3.,3.0,4.38,0.6935,0.6765,0.6678,0.6902,-223,-223.0,-223.0,338.0,21,0.47619047619047616,0.4658497844338552,115,0.2222222222222222,0.5925925925925926,3.142857142857143,0,,strong,64.65697844338554,72,False,
Fernando Tatis Jr.,SD,TB,Drew Rasmussen,True,confirmed,MLB Starting Lineups Page,LOCKED,LOCKED: Fernando Tatis Jr. is confirmed in today's lineup at slot #1.,1.0,4.62,0.6409,0.6699,0.6786,0.7145,-243,-243.0,-243.0,360.0,17,0.47058823529411764,0.46113940987300767,117,0.22727272727272727,0.5909090909090909,3.3529411764705883,14,0.5714285714285714,strong,64.55474098730076,73,False,
Jo Adell,CLE,KC,Seth Lugo,True,confirmed,MLB Starting Lineups Page,LOCKED,LOCKED: Jo Adell is confirmed in today's lineup at slot #4.,4.0,4.2,0.6403,0.6466,0.6483,0.661,-217,-217.0,-217.0,337.0,24,0.4583333333333333,0.45480674684214506,120,0.1111111111111111,0.5185185185185185,3.0833333333333335,1,0.0,strong,64.42871461500513,74,False,
Rafael Flores Jr.,PIT,STL,Matthew Liberatore,True,confirmed,MLB Starting Lineups Page,LOCKED,LOCKED: Rafael Flores Jr. is confirmed in today's lineup at slot #4.,4.0,4.28,0.6243,0.6442,0.647,0.6674,-178,-178.0,-178.0,282.0,1,1.0,0.4902340681782479,104,0.0,1.0,2.0,0,,thin,64.05166897083765,75,False,
Francisco Lindor,NYM,HOU,Ethan Pecko,True,confirmed,MLB Starting Lineups Page,LOCKED,LOCKED: Francisco Lindor is confirmed in today's lineup at slot #1.,1.0,4.54,0.6401,0.656,0.6628,0.696,-212,-212.0,-212.0,327.0,6,0.5,0.4651690492398457,115,0.0,0.5,3.8333333333333335,1,1.0,usable,63.684767076997446,76,False,
Bryan Torres,STL,PIT,Braxton Ashcraft,True,confirmed,MLB Starting Lineups Page,LOCKED,LOCKED: Bryan Torres is confirmed in today's lineup at slot #1.,1.0,4.54,0.5775,0.6344,0.65,0.6827,-193,-193.0,-193.0,296.0,7,0.5714285714285714,0.49331804664827483,103,0.4166666666666667,0.75,2.7142857142857144,0,,usable,63.61180466482748,77,False,
Jesus Sanchez,TOR,SEA,Logan Gilbert,False,Lineup Wait,,HOLD,HOLD: wait for confirmed lineup before using this as a Sharpie late-hitter target.,4.09,4.27,0.6547,0.6491,0.6528,0.6733,-126,-126.0,-126.0,228.0,15,0.5333333333333333,0.4952978846784156,102,0.25,0.65,2.2,0,,strong,63.51418846784156,78,False,
Chase DeLauter,CLE,KC,Seth Lugo,True,confirmed,MLB Starting Lineups Page,LOCKED,LOCKED: Chase DeLauter is confirmed in today's lineup at slot #2.,2.0,4.42,0.6915,0.6832,0.6805,0.711,-260,-260.0,-260.0,397.0,22,0.4090909090909091,0.4227365554799183,137,0.12,0.48,3.272727272727273,0,,strong,63.45831770100469,79,False,
Freddie Freeman,LAD,DET,Framber Valdez,True,confirmed,MLB Starting Lineups Page,LOCKED,LOCKED: Freddie Freeman is confirmed in today's lineup at slot #4.,4.0,4.28,0.6611,0.6686,0.6627,0.6844,-222,-222.0,-222.0,331.0,18,0.5,0.4791014295439074,109,0.28,0.64,3.388888888888889,0,,strong,63.34334295439074,80,False,
Heriberto Hernández,MIA,WSH,Andrew Alvarez,True,confirmed,MLB Starting Lineups Page,LOCKED,LOCKED: Heriberto Hernández is confirmed in today's lineup at slot #1.,1.0,4.62,0.6377,0.653,0.6647,0.701,-243,-243.0,-243.0,355.0,10,0.5,0.47150194937805556,112,0.3333333333333333,0.6666666666666666,2.6,1,1.0,usable,63.069261604472224,81,False,
George Springer,TOR,SEA,Logan Gilbert,True,confirmed,MLB Starting Lineups Page,LOCKED,LOCKED: George Springer is confirmed in today's lineup at slot #4.,4.0,4.2,0.5801,0.6045,0.6165,0.6283,-195,-195.0,-195.0,297.0,15,0.5333333333333333,0.4952978846784156,102,0.34782608695652173,0.6956521739130435,3.533333333333333,13,0.5384615384615384,strong,62.797510206972,82,False,
Nathaniel Lowe,CLE,KC,Seth Lugo,True,confirmed,MLB Starting Lineups Page,LOCKED,LOCKED: Nathaniel Lowe is confirmed in today's lineup at slot #5.,5.0,4.07,0.6305,0.6373,0.6358,0.6533,-183,-183.0,-183.0,77.0,12,0.5833333333333334,0.515543453596551,-106,0.29411764705882354,0.7058823529411765,2.5833333333333335,0,,strong,62.729168889066855,83,False,
Mickey Gasper,BOS,NYY,Will Warren,False,Lineup Wait,,HOLD,HOLD: wait for confirmed lineup before using this as a Sharpie late-hitter target.,2.29,4.47,0.6547,0.6525,0.6744,0.6959,-152,-152.0,-152.0,270.0,15,0.4666666666666667,0.4582608476413786,118,0.16666666666666666,0.5555555555555556,2.1333333333333333,0,,strong,62.50381358381739,84,False,
Bo Bichette,NYM,HOU,Ethan Pecko,True,confirmed,MLB Starting Lineups Page,LOCKED,LOCKED: Bo Bichette is confirmed in today's lineup at slot #3.,3.0,4.3,0.6394,0.646,0.6551,0.6638,-247,-247.0,-247.0,370.0,20,0.45,0.4491575901974132,123,0.16666666666666666,0.5416666666666666,3.4,0,,strong,62.24188783942085,85,False,
Luis García Jr.,NYY,BOS,Ranger Suarez,True,confirmed,MLB Starting Lineups Page,LOCKED,LOCKED: Luis García Jr. is confirmed in today's lineup at slot #4.,4.0,4.2,0.6123,0.6339,0.6419,0.6538,-222,-222.0,-222.0,337.0,21,0.47619047619047616,0.4658497844338552,115,0.19230769230769232,0.5769230769230769,2.380952380952381,0,,strong,62.223086750244555,86,False,
Kody Clemens,MIN,CWS,Jordan Hicks,True,confirmed,MLB Starting Lineups Page,LOCKED,LOCKED: Kody Clemens is confirmed in today's lineup at slot #3.,3.0,4.3,0.628,0.6268,0.6344,0.6445,-213,-213.0,-213.0,323.0,14,0.5,0.4758862648583547,110,0.3333333333333333,0.6666666666666666,3.2142857142857144,0,,strong,61.99129315250213,87,False,
Dane Myers,CIN,CHC,Shota Imanaga,True,confirmed,MLB Starting Lineups Page,LOCKED,LOCKED: Dane Myers is confirmed in today's lineup at slot #1.,1.0,4.62,0.6223,0.664,0.6729,0.71,-199,-199.0,-199.0,312.0,8,0.5,0.4686521443158611,113,0.38461538461538464,0.6923076923076923,2.0,4,1.0,usable,61.95589135466303,88,False,
Vladimir Guerrero Jr.,TOR,SEA,Logan Gilbert,True,confirmed,MLB Starting Lineups Page,LOCKED,LOCKED: Vladimir Guerrero Jr. is confirmed in today's lineup at slot #2.,2.0,4.42,0.6965,0.6796,0.68,0.7101,-238,-238.0,-238.0,370.0,19,0.42105263157894735,0.43138848020378134,132,0.17391304347826086,0.5217391304347826,3.263157894736842,0,,strong,61.95524930382579,89,False,
Jared Young,NYM,HOU,Ethan Pecko,True,confirmed,MLB Starting Lineups Page,LOCKED,LOCKED: Jared Young is confirmed in today's lineup at slot #5.,5.0,4.07,0.5974,0.6129,0.6253,0.6407,-155,-155.0,-155.0,48.0,10,0.6,0.516956494832601,-107,0.16666666666666666,0.6666666666666666,2.9,0,,usable,61.934444969606304,90,False,
Dominic Canzone,SEA,TOR,Max Scherzer,True,confirmed,MLB Starting Lineups Page,LOCKED,LOCKED: Dominic Canzone is confirmed in today's lineup at slot #2.,2.0,4.5,0.6874,0.6733,0.6722,0.7127,-218,-218.0,-218.0,350.0,19,0.42105263157894735,0.43138848020378134,132,0.24,0.56,2.3157894736842106,0,,strong,61.63764802037814,91,False,
Steven Kwan,CLE,KC,Seth Lugo,True,confirmed,MLB Starting Lineups Page,LOCKED,LOCKED: Steven Kwan is confirmed in today's lineup at slot #1.,1.0,4.54,0.606,0.6408,0.6574,0.688,-300,-300.0,-300.0,426.0,16,0.4375,0.4418943887970436,126,0.3333333333333333,0.625,2.9375,5,0.4,strong,61.611438879704366,92,False,
Tommy Edman,LAD,DET,Framber Valdez,True,confirmed,MLB Starting Lineups Page,LOCKED,LOCKED: Tommy Edman is confirmed in today's lineup at slot #2.,2.0,4.5,0.6147,0.651,0.6583,0.6979,-250,-250.0,-250.0,353.0,3,0.6666666666666666,0.49153619242114815,103,0.4,0.8,3.3333333333333335,0,,thin,61.580019242114815,93,False,
Carson Benge,NYM,HOU,Ethan Pecko,True,confirmed,MLB Starting Lineups Page,LOCKED,LOCKED: Carson Benge is confirmed in today's lineup at slot #4.,4.0,4.2,0.6027,0.6214,0.6325,0.644,-204,-204.0,-204.0,313.0,16,0.5,0.4776086745113294,109,0.3333333333333333,0.6666666666666666,3.5625,14,0.5,strong,61.459934117799605,94,False,
Gavin Sheets,SD,TB,Drew Rasmussen,False,Lineup Wait,,HOLD,HOLD: wait for confirmed lineup before using this as a Sharpie late-hitter target.,3.87,4.29,0.5824,0.6251,0.6343,0.6544,-104,-104.0,-104.0,213.0,16,0.5,0.4776086745113294,109,0.23809523809523808,0.6190476190476191,2.9375,0,,strong,61.29414364160913,95,False,
Wilyer Abreu,BOS,NYY,Will Warren,True,confirmed,MLB Starting Lineups Page,LOCKED,LOCKED: Wilyer Abreu is confirmed in today's lineup at slot #3.,3.0,4.38,0.655,0.6605,0.661,0.682,-223,-223.0,-223.0,347.0,18,0.4444444444444444,0.44576809621057406,124,0.18181818181818182,0.5454545454545454,3.4444444444444446,0,,strong,61.28710813770663,96,False,
Oneil Cruz,PIT,STL,Matthew Liberatore,True,confirmed,MLB Starting Lineups Page,LOCKED,LOCKED: Oneil Cruz is confirmed in today's lineup at slot #2.,2.0,4.5,0.6823,0.6863,0.6769,0.7185,-217,-217.0,-217.0,337.0,13,0.46153846153846156,0.4549217154526889,120,0.23529411764705882,0.5882352941176471,3.230769230769231,5,0.6,strong,61.22977154526889,97,False,
Josh Bell,MIN,CWS,Jordan Hicks,True,confirmed,MLB Starting Lineups Page,LOCKED,LOCKED: Josh Bell is confirmed in today's lineup at slot #5.,5.0,4.07,0.5927,0.5985,0.6102,0.6262,-222,-222.0,-222.0,324.0,15,0.5333333333333333,0.4952978846784156,102,0.25,0.65,3.066666666666667,0,,strong,61.04218846784157,98,False,
Seiya Suzuki,CHC,CIN,Chase Burns,False,Lineup Wait,,HOLD,HOLD: wait for confirmed lineup before using this as a Sharpie late-hitter target.,2.94,4.39,0.6165,0.6419,0.649,0.6697,-218,-218.0,-218.0,357.0,20,0.4,0.4179075901974132,139,0.09090909090909091,0.45454545454545453,3.15,0,,strong,60.85523935457236,99,False,
Garrett Mitchell,MIL,TEX,Kumar Rocker,True,confirmed,MLB Starting Lineups Page,LOCKED,LOCKED: Garrett Mitchell is confirmed in today's lineup at slot #2.,2.0,4.42,0.6031,0.6303,0.6403,0.6703,-207,-207.0,-207.0,319.0,10,0.5,0.47150194937805556,112,0.3333333333333333,0.6666666666666666,2.3,0,,usable,60.85406160447223,100,False,
Heliot Ramos,NYY,BOS,Ranger Suarez,True,confirmed,MLB Starting Lineups Page,LOCKED,LOCKED: Heliot Ramos is confirmed in today's lineup at slot #3.,3.0,4.3,0.6254,0.645,0.6501,0.6603,-184,-184.0,-184.0,299.0,6,0.5,0.4651690492398457,115,0.0,0.5,2.8333333333333335,1,1.0,usable,60.70836707699744,101,False,
Jake Cronenworth,SD,TB,Drew Rasmussen,True,confirmed,MLB Starting Lineups Page,LOCKED,LOCKED: Jake Cronenworth is confirmed in today's lineup at slot #2.,2.0,4.5,0.5697,0.6261,0.6432,0.6814,-131,-131.0,-131.0,234.0,3,0.6666666666666666,0.49153619242114815,103,0.25,0.75,3.6666666666666665,0,,thin,60.540019242114816,102,False,
Vinnie Pasquantino,KC,CLE,Parker Messick,True,confirmed,MLB Starting Lineups Page,LOCKED,LOCKED: Vinnie Pasquantino is confirmed in today's lineup at slot #5.,5.0,4.15,0.5805,0.6053,0.6184,0.6412,-158,-158.0,-158.0,260.0,13,0.5384615384615384,0.49492171545268887,102,0.23529411764705882,0.6470588235294118,3.3846153846153846,0,,strong,60.328759780563004,103,False,
Manny Machado,SD,TB,Drew Rasmussen,True,confirmed,MLB Starting Lineups Page,LOCKED,LOCKED: Manny Machado is confirmed in today's lineup at slot #3.,3.0,4.38,0.565,0.62,0.6353,0.6544,-184,-184.0,-184.0,308.0,18,0.4444444444444444,0.44576809621057406,124,0.18181818181818182,0.5454545454545454,3.1666666666666665,0,,strong,60.20710813770663,104,False,
Brandon Nimmo,TEX,MIL,Dustin May,True,confirmed,MLB Starting Lineups Page,LOCKED,LOCKED: Brandon Nimmo is confirmed in today's lineup at slot #4.,4.0,4.28,0.6767,0.6718,0.6678,0.6884,-197,-197.0,-197.0,329.0,19,0.42105263157894735,0.43138848020378134,132,0.13636363636363635,0.5,3.210526315789474,0,,strong,60.16863744611827,105,False,
Paul Goldschmidt,NYY,BOS,Ranger Suarez,True,confirmed,MLB Starting Lineups Page,LOCKED,LOCKED: Paul Goldschmidt is confirmed in today's lineup at slot #1.,1.0,4.54,0.6553,0.6772,0.6774,0.7116,-195,-195.0,-195.0,337.0,18,0.3888888888888889,0.41243476287724073,142,0.3076923076923077,0.5769230769230769,2.4444444444444446,4,0.75,strong,59.907076287724074,106,False,
Wyatt Langford,TEX,MIL,Dustin May,True,confirmed,MLB Starting Lineups Page,LOCKED,LOCKED: Wyatt Langford is confirmed in today's lineup at slot #3.,3.0,4.38,0.6231,0.6441,0.6527,0.6723,-199,-199.0,-199.0,302.0,3,0.6666666666666666,0.49153619242114815,103,0.25,0.75,3.6666666666666665,1,1.0,thin,59.780819242114816,107,False,
Salvador Perez,KC,CLE,Parker Messick,True,confirmed,MLB Starting Lineups Page,LOCKED,LOCKED: Salvador Perez is confirmed in today's lineup at slot #4.,4.0,4.28,0.5549,0.5976,0.6159,0.6354,-163,-163.0,-163.0,295.0,19,0.42105263157894735,0.43138848020378134,132,0.09523809523809523,0.47619047619047616,3.1052631578947367,0,,strong,59.52954826862909,108,False,
Christian Walker,HOU,NYM,Zac Thornton,True,confirmed,MLB Starting Lineups Page,LOCKED,LOCKED: Christian Walker is confirmed in today's lineup at slot #5.,5.0,4.15,0.5936,0.6255,0.6292,0.6536,-196,-196.0,-196.0,313.0,17,0.47058823529411764,0.46113940987300767,117,0.15,0.55,3.235294117647059,0,,strong,59.52380314031363,109,False,
Alejandro Kirk,TOR,SEA,Logan Gilbert,True,confirmed,MLB Starting Lineups Page,LOCKED,LOCKED: Alejandro Kirk is confirmed in today's lineup at slot #3.,3.0,4.3,0.6253,0.6347,0.6439,0.6533,-202,-202.0,-202.0,305.0,3,0.6666666666666666,0.49153619242114815,103,0.25,0.75,3.6666666666666665,0,,thin,59.40721924211481,110,False,
Sal Stewart,CIN,CHC,Shota Imanaga,True,confirmed,MLB Starting Lineups Page,LOCKED,LOCKED: Sal Stewart is confirmed in today's lineup at slot #3.,3.0,4.38,0.6324,0.6575,0.656,0.6779,-228,-228.0,-228.0,354.0,16,0.4375,0.4418943887970436,126,0.2,0.55,3.375,0,,strong,59.36490103271723,111,False,
Christian Yelich,MIL,TEX,Kumar Rocker,True,confirmed,MLB Starting Lineups Page,LOCKED,LOCKED: Christian Yelich is confirmed in today's lineup at slot #5.,5.0,4.07,0.5926,0.6071,0.6158,0.6319,-239,-239.0,-239.0,341.0,11,0.5454545454545454,0.4944801254920531,102,0.26666666666666666,0.6666666666666666,3.727272727272727,5,0.6,usable,59.32587921587197,112,False,
Jackson Merrill,SD,TB,Drew Rasmussen,True,confirmed,MLB Starting Lineups Page,LOCKED,LOCKED: Jackson Merrill is confirmed in today's lineup at slot #5.,5.0,4.15,0.569,0.612,0.6219,0.6454,-161,-161.0,-161.0,285.0,18,0.4444444444444444,0.44576809621057406,124,0.1,0.5,2.7777777777777777,2,0.0,strong,59.14147177407027,113,False,
Jose Altuve,HOU,NYM,Zac Thornton,True,confirmed,MLB Starting Lineups Page,LOCKED,LOCKED: Jose Altuve is confirmed in today's lineup at slot #4.,4.0,4.28,0.5949,0.6314,0.6427,0.6615,-231,-231.0,-231.0,334.0,5,0.6,0.49253193448924837,103,0.16666666666666666,0.6666666666666666,2.6,0,,usable,59.06198893527103,114,False,
Hunter Goodman,COL,ATL,Tyler Mahle,True,confirmed,MLB Starting Lineups Page,LOCKED,LOCKED: Hunter Goodman is confirmed in today's lineup at slot #3.,3.0,4.38,0.6025,0.6272,0.6351,0.6561,-168,-168.0,-168.0,288.0,13,0.46153846153846156,0.4549217154526889,120,0.23529411764705882,0.5882352941176471,3.1538461538461537,0,,strong,58.872171545268884,115,False,
Jake McCarthy,COL,ATL,Tyler Mahle,True,confirmed,MLB Starting Lineups Page,LOCKED,LOCKED: Jake McCarthy is confirmed in today's lineup at slot #1.,1.0,4.62,0.6653,0.6716,0.6792,0.7158,-213,-213.0,-213.0,354.0,13,0.38461538461538464,0.4149217154526889,141,0.2777777777777778,0.5555555555555556,3.230769230769231,7,0.42857142857142855,strong,58.425771545268894,116,False,
Jac Caglianone,KC,CLE,Parker Messick,True,confirmed,MLB Starting Lineups Page,LOCKED,LOCKED: Jac Caglianone is confirmed in today's lineup at slot #3.,3.0,4.38,0.6187,0.635,0.6436,0.664,-179,-179.0,-179.0,313.0,17,0.4117647058823529,0.426656651252318,134,0.19047619047619047,0.5238095238095238,2.8823529411764706,0,,strong,58.31720346872085,117,False,
Pedro Ramirez,CHC,CIN,Chase Burns,False,Lineup Wait,,HOLD,HOLD: wait for confirmed lineup before using this as a Sharpie late-hitter target.,2.0,4.5,0.5965,0.6356,0.6493,0.6887,-190,-190.0,-190.0,307.0,4,0.5,0.4608151803948264,117,0.5,0.75,1.5,0,,thin,58.23951803948264,118,False,
Dylan Beavers,BAL,ATH,Jeffrey Springs,False,Lineup Wait,,HOLD,HOLD: wait for confirmed lineup before using this as a Sharpie late-hitter target.,2.67,4.42,0.573,0.6257,0.6412,0.6612,-168,-168.0,-168.0,288.0,2,0.5,0.4552173490226587,120,0.0,0.5,2.5,2,0.5,thin,58.148397055278735,119,False,
Mike Trout,LAA,PHI,Zack Wheeler,True,confirmed,MLB Starting Lineups Page,LOCKED,LOCKED: Mike Trout is confirmed in today's lineup at slot #2.,2.0,4.42,0.6514,0.6712,0.6598,0.6939,-168,-168.0,-168.0,305.0,15,0.4,0.42122381060434155,137,0.3181818181818182,0.5909090909090909,3.533333333333333,0,,strong,57.98918106043416,120,False,
Mauricio Dubón,ATL,COL,Mason Adams,True,confirmed,MLB Starting Lineups Page,LOCKED,LOCKED: Mauricio Dubón is confirmed in today's lineup at slot #5.,5.0,4.07,0.5844,0.6132,0.6241,0.6395,-255,-255.0,-255.0,372.0,17,0.47058823529411764,0.46113940987300767,117,0.22727272727272727,0.5909090909090909,3.235294117647059,2,0.0,strong,57.92674098730076,121,False,
Ezequiel Duran,TEX,MIL,Dustin May,True,confirmed,MLB Starting Lineups Page,LOCKED,LOCKED: Ezequiel Duran is confirmed in today's lineup at slot #5.,5.0,4.15,0.6126,0.6299,0.6367,0.6595,-169,-169.0,-169.0,287.0,15,0.4666666666666667,0.4582608476413786,118,0.3181818181818182,0.6363636363636364,3.066666666666667,0,,strong,57.84092112777422,122,False,
Willi Castro,COL,ATL,Tyler Mahle,True,confirmed,MLB Starting Lineups Page,LOCKED,LOCKED: Willi Castro is confirmed in today's lineup at slot #5.,5.0,4.15,0.5581,0.5931,0.6095,0.6319,-141,-141.0,-141.0,252.0,12,0.5,0.4738767869298843,111,0.29411764705882354,0.6470588235294118,2.8333333333333335,4,0.75,strong,57.505466928282544,123,False,
Patrick Bailey,CLE,KC,Seth Lugo,False,Lineup Wait,,HOLD,HOLD: wait for confirmed lineup before using this as a Sharpie late-hitter target.,2.33,4.46,0.6159,0.6414,0.6509,0.6726,-146,-146.0,-146.0,287.0,13,0.38461538461538464,0.4149217154526889,141,0.13333333333333333,0.4666666666666667,2.3846153846153846,0,,strong,57.38896703161508,124,False,
Angel Martinez,CLE,KC,Seth Lugo,False,Lineup Wait,,HOLD,HOLD: wait for confirmed lineup before using this as a Sharpie late-hitter target.,3.55,4.33,0.6397,0.6507,0.6545,0.6739,-183,-183.0,-183.0,312.0,14,0.42857142857142855,0.43742472639681623,129,0.3,0.6,3.0,3,0.6666666666666666,strong,57.32887263968162,125,False,
Vaughn Grissom,LAA,PHI,Zack Wheeler,True,confirmed,MLB Starting Lineups Page,LOCKED,LOCKED: Vaughn Grissom is confirmed in today's lineup at slot #3.,3.0,4.3,0.6102,0.6446,0.6508,0.6604,-180,-180.0,-180.0,322.0,18,0.3888888888888889,0.41243476287724073,142,0.18181818181818182,0.5,3.0,1,0.0,strong,57.0161748043733,126,False,
Brice Turang,MIL,TEX,Kumar Rocker,True,confirmed,MLB Starting Lineups Page,LOCKED,LOCKED: Brice Turang is confirmed in today's lineup at slot #1.,1.0,4.54,0.7126,0.6952,0.6871,0.7212,-250,-250.0,-250.0,410.0,15,0.3333333333333333,0.3841867735673045,160,0.25,0.5,3.4,0,,strong,56.41987735673045,127,False,
Adley Rutschman,BOS,NYY,Will Warren,True,confirmed,MLB Starting Lineups Page,LOCKED,LOCKED: Adley Rutschman is confirmed in today's lineup at slot #5.,5.0,4.15,0.6044,0.6242,0.6316,0.6551,-210,-210.0,-210.0,356.0,16,0.375,0.4061801030827579,146,0.058823529411764705,0.4117647058823529,3.5625,0,,strong,55.53100187305336,128,False,
Gleyber Torres,DET,LAD,Tyler Glasnow,True,confirmed,MLB Starting Lineups Page,LOCKED,LOCKED: Gleyber Torres is confirmed in today's lineup at slot #1.,1.0,4.54,0.5766,0.6372,0.6558,0.687,-154,-154.0,-154.0,296.0,1,0.0,0.41331099125517096,142,0.0,0.0,3.0,0,,thin,55.486961278529975,129,False,
Jonah Heim,ATH,BAL,Chris Bassitt,False,Lineup Wait,,HOLD,HOLD: wait for confirmed lineup before using this as a Sharpie late-hitter target.,3.97,4.28,0.598,0.6179,0.6243,0.6443,-186,-186.0,-186.0,310.0,9,0.4444444444444444,0.44633537553891534,124,0.18181818181818182,0.5454545454545454,2.6666666666666665,0,,usable,55.33383607054076,130,False,
Brady House,WSH,MIA,Janson Junk,True,confirmed,MLB Stats API,LOCKED,LOCKED: Brady House is confirmed in today's lineup at slot #2.,2.0,4.42,0.609,0.6443,0.6515,0.6825,-204,-204.0,-204.0,335.0,5,0.4,0.43370840507748365,131,0.16666666666666666,0.5,2.8,0,,usable,54.9821693274279,131,False,
Donovan Walton,ATH,BAL,Chris Bassitt,True,confirmed,MLB Starting Lineups Page,LOCKED,LOCKED: Donovan Walton is confirmed in today's lineup at slot #5.,5.0,4.07,0.6117,0.6233,0.6271,0.6438,-193,-193.0,-193.0,308.0,6,0.5,0.4651690492398457,115,0.45454545454545453,0.7272727272727273,3.1666666666666665,0,,usable,54.980032196711846,132,False,
Jose Trevino,CIN,CHC,Shota Imanaga,False,Lineup Wait,,HOLD,HOLD: wait for confirmed lineup before using this as a Sharpie late-hitter target.,5.0,4.15,0.5315,0.5917,0.6054,0.6278,-142,-142.0,-142.0,262.0,2,0.5,0.4552173490226587,120,0.0,0.5,2.0,0,,thin,54.43639705527873,133,False,
Wade Meckler,LAA,PHI,Zack Wheeler,True,confirmed,MLB Starting Lineups Page,LOCKED,LOCKED: Wade Meckler is confirmed in today's lineup at slot #1.,1.0,4.54,0.6041,0.6482,0.6581,0.6911,-161,-161.0,-161.0,317.0,12,0.3333333333333333,0.3905434535965509,156,0.3333333333333333,0.5555555555555556,2.0833333333333335,1,1.0,strong,54.40354535965509,134,False,
Blaze Alexander,BAL,ATH,Jeffrey Springs,True,confirmed,MLB Starting Lineups Page,LOCKED,LOCKED: Blaze Alexander is confirmed in today's lineup at slot #1.,1.0,4.62,0.6151,0.6571,0.6737,0.7092,-286,-286.0,-286.0,437.0,9,0.3333333333333333,0.3987163279198677,151,0.4,0.6,1.8888888888888888,0,,usable,54.40283279198677,135,False,
Tyler Stephenson,CIN,CHC,Shota Imanaga,True,confirmed,MLB Starting Lineups Page,LOCKED,LOCKED: Tyler Stephenson is confirmed in today's lineup at slot #4.,4.0,4.28,0.5572,0.6117,0.6226,0.6428,-178,-178.0,-178.0,309.0,12,0.4166666666666667,0.4322101202632176,131,0.2,0.5333333333333333,2.6666666666666665,0,,strong,54.39407417933462,136,False,
Edmundo Sosa,PHI,LAA,Yusei Kikuchi,True,confirmed,MLB Starting Lineups Page,LOCKED,LOCKED: Edmundo Sosa is confirmed in today's lineup at slot #5.,5.0,4.15,0.6388,0.6409,0.6494,0.6723,-190,-190.0,-190.0,350.0,15,0.3333333333333333,0.3841867735673045,160,0.0625,0.375,2.2666666666666666,0,,strong,53.22093950974331,137,False,
Nelson Velazquez,HOU,NYM,Zac Thornton,False,Lineup Wait,,HOLD,HOLD: wait for confirmed lineup before using this as a Sharpie late-hitter target.,4.17,4.26,0.5857,0.6257,0.635,0.6553,-111,-111.0,-111.0,242.0,5,0.4,0.43370840507748365,131,0.16666666666666666,0.5,2.8,0,,usable,52.16656932742789,138,False,
Ryan Vilade,TB,SD,Robbie Ray,True,confirmed,MLB Starting Lineups Page,LOCKED,LOCKED: Ryan Vilade is confirmed in today's lineup at slot #4.,4.0,4.2,0.6071,0.6119,0.6246,0.6361,-153,-153.0,-153.0,304.0,14,0.35714285714285715,0.3989631879352778,151,0.2222222222222222,0.5,2.642857142857143,0,,strong,52.081518793527785,139,False,
Connor Norby,COL,ATL,Tyler Mahle,True,confirmed,MLB Starting Lineups Page,LOCKED,LOCKED: Connor Norby is confirmed in today's lineup at slot #2.,2.0,4.5,0.5774,0.6202,0.6364,0.6749,-165,-165.0,-165.0,332.0,13,0.3076923076923077,0.3749217154526889,167,0.23529411764705882,0.47058823529411764,2.5384615384615383,0,,strong,51.970971545268895,140,False,
Spencer Torkelson,DET,LAD,Tyler Glasnow,False,Lineup Wait,,HOLD,HOLD: wait for confirmed lineup before using this as a Sharpie late-hitter target.,4.78,4.18,0.5275,0.5967,0.6097,0.6324,104,104.0,104.0,55.0,20,0.35,0.3866575901974132,159,0.2,0.48,2.7,0,,strong,51.95842117275418,141,False,
Max Muncy,ATH,BAL,Chris Bassitt,False,Lineup Wait,,HOLD,HOLD: wait for confirmed lineup before using this as a Sharpie late-hitter target.,4.61,4.2,0.7012,0.6779,0.6623,0.6877,-171,-171.0,-171.0,331.0,15,0.3333333333333333,0.3841867735673045,160,0.34782608695652173,0.5652173913043478,2.8666666666666667,0,,strong,51.69507735673045,142,False,
Henry Davis,PIT,STL,Matthew Liberatore,False,Lineup Wait,,HOLD,HOLD: wait for confirmed lineup before using this as a Sharpie late-hitter target.,5.0,4.15,0.5759,0.61,0.6204,0.6428,-107,-107.0,-107.0,258.0,14,0.35714285714285715,0.3989631879352778,151,0.17647058823529413,0.47058823529411764,2.4285714285714284,0,,strong,51.21436918183476,143,False,
Gunnar Henderson,BAL,ATH,Jeffrey Springs,True,confirmed,MLB Starting Lineups Page,LOCKED,LOCKED: Gunnar Henderson is confirmed in today's lineup at slot #3.,3.0,4.38,0.5457,0.6091,0.6278,0.6471,-285,-285.0,-285.0,455.0,16,0.3125,0.37046581736847223,170,0.23809523809523808,0.47619047619047616,3.375,2,0.5,strong,51.094981736847224,144,False,
Jimmy Crooks,STL,PIT,Braxton Ashcraft,False,Lineup Wait,,HOLD,HOLD: wait for confirmed lineup before using this as a Sharpie late-hitter target.,4.75,4.18,0.5459,0.6027,0.6183,0.6401,-101,-101.0,-101.0,259.0,7,0.2857142857142857,0.388054888753538,158,0.0,0.2857142857142857,1.2857142857142858,0,,usable,50.49295102836667,145,False,
Mike Yastrzemski,ATL,COL,Mason Adams,False,Lineup Wait,,HOLD,HOLD: wait for confirmed lineup before using this as a Sharpie late-hitter target.,5.0,4.15,0.5549,0.6009,0.6186,0.6403,-145,-145.0,-145.0,296.0,14,0.35714285714285715,0.3989631879352778,151,0.2631578947368421,0.5263157894736842,1.9285714285714286,0,,strong,50.40511879352778,146,False,
Colt Keith,DET,LAD,Tyler Glasnow,True,confirmed,MLB Starting Lineups Page,LOCKED,LOCKED: Colt Keith is confirmed in today's lineup at slot #2.,2.0,4.42,0.5831,0.636,0.6514,0.6814,-145,-145.0,-145.0,363.0,21,0.23809523809523808,0.3143346329187037,218,0.16,0.36,1.9523809523809523,4,0.25,strong,50.06732544488324,147,False,
Mookie Betts,LAD,DET,Framber Valdez,True,confirmed,MLB Starting Lineups Page,LOCKED,LOCKED: Mookie Betts is confirmed in today's lineup at slot #3.,3.0,4.38,0.6156,0.6494,0.6567,0.6768,-258,-258.0,-258.0,435.0,14,0.2857142857142857,0.3605016494737393,177,0.36363636363636365,0.5454545454545454,3.4285714285714284,0,,strong,50.03736494737392,148,False,
Christian Moore,LAA,PHI,Zack Wheeler,True,confirmed,MLB Starting Lineups Page,LOCKED,LOCKED: Christian Moore is confirmed in today's lineup at slot #5.,5.0,4.07,0.5622,0.6063,0.6166,0.6325,-136,-136.0,-136.0,278.0,1,0.0,0.41331099125517096,142,0.0,0.0,0.0,0,,thin,49.76416127852997,149,False,
Ian Happ,CHC,CIN,Chase Burns,False,Lineup Wait,,HOLD,HOLD: wait for confirmed lineup before using this as a Sharpie late-hitter target.,4.76,4.18,0.5583,0.6019,0.609,0.6329,-159,-159.0,-159.0,319.0,15,0.3333333333333333,0.3841867735673045,160,0.2857142857142857,0.5238095238095238,3.1333333333333333,0,,strong,49.76027735673044,150,False,
Isaac Collins,KC,CLE,Parker Messick,False,Lineup Wait,,HOLD,HOLD: wait for confirmed lineup before using this as a Sharpie late-hitter target.,4.36,4.23,0.5642,0.6006,0.6197,0.6388,-133,-133.0,-133.0,313.0,17,0.29411764705882354,0.3576911340109387,180,0.15,0.4,2.823529411764706,0,,strong,49.73817555410673,151,False,
Dillon Dingler,DET,LAD,Tyler Glasnow,True,confirmed,MLB Starting Lineups Page,LOCKED,LOCKED: Dillon Dingler is confirmed in today's lineup at slot #4.,4.0,4.2,0.6174,0.6425,0.6431,0.6567,-153,-153.0,-153.0,333.0,17,0.29411764705882354,0.3576911340109387,180,0.2608695652173913,0.4782608695652174,3.1176470588235294,0,,strong,49.42791340109387,152,False,
Jeff McNeil,ATH,BAL,Chris Bassitt,True,confirmed,MLB Starting Lineups Page,LOCKED,LOCKED: Jeff McNeil is confirmed in today's lineup at slot #2.,2.0,4.42,0.6582,0.6631,0.6703,0.6995,-326,-326.0,-326.0,535.0,17,0.23529411764705882,0.32320837539024905,209,0.22727272727272727,0.4090909090909091,2.764705882352941,0,,strong,49.16923753902491,153,False,
Jackson Holliday,BAL,ATH,Jeffrey Springs,False,Lineup Wait,,HOLD,HOLD: wait for confirmed lineup before using this as a Sharpie late-hitter target.,2.35,4.46,0.5899,0.6365,0.6485,0.6702,-251,-251.0,-251.0,438.0,12,0.25,0.3488767869298843,187,0.25,0.4375,2.25,1,0.0,strong,48.58647869298843,154,False,
Cal Raleigh,SEA,TOR,Max Scherzer,True,confirmed,MLB Starting Lineups Page,LOCKED,LOCKED: Cal Raleigh is confirmed in today's lineup at slot #4.,4.0,4.28,0.5779,0.6017,0.6127,0.6333,-157,-157.0,-157.0,328.0,8,0.25,0.36865214431586113,171,0.1111111111111111,0.3333333333333333,3.0,0,,usable,48.26445436237675,155,False,
Nolan Gorman,STL,PIT,Braxton Ashcraft,True,confirmed,MLB Starting Lineups Page,LOCKED,LOCKED: Nolan Gorman is confirmed in today's lineup at slot #5.,5.0,4.07,0.5217,0.5857,0.6019,0.6175,-105,-105.0,-105.0,272.0,13,0.3076923076923077,0.3749217154526889,167,0.13333333333333333,0.4,2.4615384615384617,0,,strong,48.17256703161508,156,False,
Christian Encarnacion-Strand,BAL,ATH,Jeffrey Springs,True,confirmed,MLB Starting Lineups Page,LOCKED,LOCKED: Christian Encarnacion-Strand is confirmed in today's lineup at slot #5.,5.0,4.15,0.5624,0.6089,0.621,0.6439,-257,-257.0,-257.0,418.0,2,0.0,0.3837887775940873,161,0.0,0.0,3.0,0,,thin,47.664339912421596,157,False,
Amed Rosario,NYY,BOS,Ranger Suarez,True,confirmed,MLB Starting Lineups Page,LOCKED,LOCKED: Amed Rosario is confirmed in today's lineup at slot #5.,5.0,4.07,0.5865,0.6161,0.6201,0.6375,-159,-159.0,-159.0,346.0,12,0.25,0.3488767869298843,187,0.14285714285714285,0.35714285714285715,1.4166666666666667,0,,strong,45.70519798885844,158,False,
Lawrence Butler,ATH,BAL,Chris Bassitt,True,confirmed,MLB Starting Lineups Page,LOCKED,LOCKED: Lawrence Butler is confirmed in today's lineup at slot #4.,4.0,4.2,0.605,0.6253,0.6334,0.645,-226,-226.0,-226.0,448.0,15,0.2,0.31011269949323045,222,0.11764705882352941,0.29411764705882354,1.9333333333333333,2,0.5,strong,45.354990925865316,159,False,
Braden Montgomery,CWS,MIN,Zebby Matthews,True,confirmed,MLB Starting Lineups Page,LOCKED,LOCKED: Braden Montgomery is confirmed in today's lineup at slot #5.,5.0,4.15,0.6042,0.6157,0.6251,0.6483,-230,-230.0,-230.0,401.0,8,0.25,0.36865214431586113,171,0.2,0.4,2.375,0,,usable,45.352276584598975,160,False,
Andrés Chaparro,WSH,MIA,Janson Junk,True,confirmed,MLB Starting Lineups Page,LOCKED,LOCKED: Andrés Chaparro is confirmed in today's lineup at slot #3.,3.0,4.3,0.6332,0.6416,0.6564,0.6656,-203,-203.0,-203.0,429.0,12,0.16666666666666666,0.3072101202632176,226,0.14285714285714285,0.2857142857142857,1.0833333333333333,0,,strong,44.84893132219176,161,False,
Moisés Ballesteros,LAA,PHI,Zack Wheeler,True,confirmed,MLB Starting Lineups Page,LOCKED,LOCKED: Moisés Ballesteros is confirmed in today's lineup at slot #4.,4.0,4.2,0.5882,0.6263,0.6331,0.6456,-149,-149.0,-149.0,334.0,9,0.2222222222222222,0.3510972803008201,185,0.25,0.4166666666666667,2.0,0,,usable,44.81812803008201,162,False,
Michael Conforto,CHC,CIN,Chase Burns,False,Lineup Wait,,HOLD,HOLD: wait for confirmed lineup before using this as a Sharpie late-hitter target.,3.73,4.31,0.6176,0.6457,0.6534,0.6728,-119,-119.0,-119.0,372.0,14,0.14285714285714285,0.2835785725506624,253,0.125,0.25,2.0714285714285716,0,,strong,43.02171940807911,163,False,
Alex Call,LAD,DET,Framber Valdez,False,Lineup Wait,,HOLD,HOLD: wait for confirmed lineup before using this as a Sharpie late-hitter target.,4.67,4.19,0.5773,0.6161,0.6286,0.6493,-175,-175.0,-175.0,373.0,10,0.2,0.3351383130144192,198,0.2857142857142857,0.42857142857142855,1.3,1,0.0,usable,42.95543130144192,164,False,
Tyler Heineman,LAA,PHI,Zack Wheeler,False,Lineup Wait,,HOLD,HOLD: wait for confirmed lineup before using this as a Sharpie late-hitter target.,5.0,4.15,0.5259,0.5838,0.6041,0.6256,-102,-102.0,-102.0,300.0,7,0.14285714285714285,0.3354233098061696,198,0.125,0.25,1.5714285714285714,0,,usable,42.13979313362982,165,False,
Eugenio Suárez,CIN,CHC,Shota Imanaga,True,confirmed,MLB Starting Lineups Page,LOCKED,LOCKED: Eugenio Suárez is confirmed in today's lineup at slot #5.,5.0,4.15,0.5157,0.5821,0.602,0.624,-146,-146.0,-146.0,344.0,10,0.2,0.3351383130144192,198,0.23076923076923078,0.38461538461538464,2.7,0,,usable,41.75223130144192,166,False,
Esteury Ruiz,MIA,WSH,Andrew Alvarez,True,confirmed,MLB Starting Lineups Page,LOCKED,LOCKED: Esteury Ruiz is confirmed in today's lineup at slot #4.,4.0,4.28,0.5947,0.6175,0.622,0.6425,-156,-156.0,-156.0,422.0,15,0.13333333333333333,0.2730756624561934,266,0.21052631578947367,0.3157894736842105,1.4,1,0.0,strong,40.19396624561934,167,False,
